F[1]: 65564 65864 65724 65780 65532 65684 65800 65388 65348 65364 65380 65712 65452 65284 65588 65504 65796 
F[2]: 65344 65456 65364 65584 65384 65288 65712 65504 65456 65584 65288 65504 65584 65504 65504 65588 65792 
F[3]: 65860 65724 65780 65528 65680 65804 65388 65344 65364 65384 65712 65456 65288 65584 65504 65792 65312 
F[4]: 65456 65364 65584 65384 65288 65712 65504 65456 65584 65288 65504 65584 65504 65504 65588 65792 65792 
F[5]: 65724 65780 65528 65680 65804 65388 65344 65364 65384 65712 65456 65288 65584 65504 65792 65312 65216 
F[6]: 65364 65584 65384 65288 65712 65504 65456 65584 65288 65504 65584 65504 65504 65588 65792 65792 65312 
F[7]: 65780 65528 65680 65804 65388 65344 65364 65384 65712 65456 65288 65584 65504 65792 65312 65216 65236 
F[8]: 65584 65384 65288 65712 65504 65456 65584 65288 65504 65584 65504 65504 65588 65792 65792 65312 65792 
F[9]: 65528 65680 65804 65388 65344 65364 65384 65712 65456 65288 65584 65504 65792 65312 65216 65236 65600 
F[10]: 65384 65288 65712 65504 65456 65584 65288 65504 65584 65504 65504 65588 65792 65792 65312 65792 65216 
F[11]: 65680 65804 65388 65344 65364 65384 65712 65456 65288 65584 65504 65792 65312 65216 65236 65600 65792 
F[12]: 65288 65712 65504 65456 65584 65288 65504 65584 65504 65504 65588 65792 65792 65312 65792 65216 65312 
F[13]: 65804 65388 65344 65364 65384 65712 65456 65288 65584 65504 65792 65312 65216 65236 65600 65792 65552 
F[14]: 65716 65504 65456 65588 65284 65504 65580 65504 65500 65584 65788 65792 65312 65792 65216 65312 65236 
F[15]: 65390 65506 65346 65458 65362 65586 65386 65290 65710 65506 65458 65586 65286 65506 65586 65506 65506 
F[16]: 65640 65560 65856 65720 65776 65532 65680 65800 65384 65340 65364 65388 65712 65456 65288 65584 65500 
F[17]: 65502 65346 65454 65366 65586 65382 65286 65714 65506 65458 65582 65286 65502 65586 65502 65502 65590 
F[1]: 0,941 0,941 0,941 0,941 0,941 0,941 0,941 0,941 0,941 0,941 0,941 0,941 0,941 0,941 0,941 0,941 0,941 
F[2]: 0,941 0,941 0,941 0,941 0,941 0,941 0,941 0,941 0,941 0,941 0,941 0,941 0,941 0,941 0,941 0,941 0,941 
F[3]: 0,941 0,941 0,941 0,941 0,941 0,941 0,941 0,941 0,941 0,941 0,941 0,941 0,941 0,941 0,941 0,941 0,941 
F[4]: 0,941 0,941 0,941 0,941 0,941 0,941 0,941 0,941 0,941 0,941 0,941 0,941 0,941 0,941 0,941 0,941 0,941 
F[5]: 0,941 0,941 0,941 0,941 0,941 0,941 0,941 0,941 0,941 0,941 0,941 0,941 0,941 0,941 0,941 0,941 0,941 
F[6]: 0,941 0,941 0,941 0,941 0,941 0,941 0,941 0,941 0,941 0,941 0,941 0,941 0,941 0,941 0,941 0,941 0,941 
F[7]: 0,941 0,941 0,941 0,941 0,941 0,941 0,941 0,941 0,941 0,941 0,941 0,941 0,941 0,941 0,941 0,941 0,941 
F[8]: 0,941 0,941 0,941 0,941 0,941 0,941 0,941 0,941 0,941 0,941 0,941 0,941 0,941 0,941 0,941 0,941 0,941 
F[9]: 0,941 0,941 0,941 0,941 0,941 0,941 0,941 0,941 0,941 0,941 0,941 0,941 0,941 0,941 0,941 0,941 0,941 
F[10]: 0,941 0,941 0,941 0,941 0,941 0,941 0,941 0,941 0,941 0,941 0,941 0,941 0,941 0,941 0,941 0,941 0,941 
F[11]: 0,941 0,941 0,941 0,941 0,941 0,941 0,941 0,941 0,941 0,941 0,941 0,941 0,941 0,941 0,941 0,941 0,941 
F[12]: 0,941 0,941 0,941 0,941 0,941 0,941 0,941 0,941 0,941 0,941 0,941 0,941 0,941 0,941 0,941 0,941 0,941 
F[13]: 0,941 0,941 0,941 0,941 0,941 0,941 0,941 0,941 0,941 0,941 0,941 0,941 0,941 0,941 0,941 0,941 0,941 
F[14]: 0,941 0,941 0,941 0,941 0,941 0,941 0,941 0,941 0,941 0,941 0,941 0,941 0,941 0,941 0,941 0,941 0,941 
F[15]: 0,941 0,941 0,941 0,941 0,941 0,941 0,941 0,941 0,941 0,941 0,941 0,941 0,941 0,941 0,941 0,941 0,941 
F[16]: 0,941 0,941 0,941 0,941 0,941 0,941 0,941 0,941 0,941 0,941 0,941 0,941 0,941 0,941 0,941 0,941 0,941 
F[17]: 0,941 0,941 0,941 0,941 0,941 0,941 0,941 0,941 0,941 0,941 0,941 0,941 0,941 0,941 0,941 0,941 0,941 
