F[1]: 65348 65452 65364 65580 65380 65292 65712 65500 65452 65580 65284 65504 65588 65500 65504 65584 65796 
F[2]: 65456 65364 65584 65384 65288 65712 65504 65456 65584 65288 65504 65584 65504 65504 65588 65792 65792 
F[3]: 65364 65584 65384 65288 65712 65504 65456 65584 65288 65504 65584 65504 65504 65588 65792 65792 65312 
F[4]: 65584 65384 65288 65712 65504 65456 65584 65288 65504 65584 65504 65504 65588 65792 65792 65312 65792 
F[5]: 65384 65288 65712 65504 65456 65584 65288 65504 65584 65504 65504 65588 65792 65792 65312 65792 65216 
F[6]: 65288 65712 65504 65456 65584 65288 65504 65584 65504 65504 65588 65792 65792 65312 65792 65216 65312 
F[7]: 65712 65504 65456 65584 65288 65504 65584 65504 65504 65588 65792 65792 65312 65792 65216 65312 65236 
F[8]: 65504 65456 65584 65288 65504 65584 65504 65504 65588 65792 65792 65312 65792 65216 65312 65236 65792 
F[9]: 65456 65584 65288 65504 65584 65504 65504 65588 65792 65792 65312 65792 65216 65312 65236 65792 65600 
F[10]: 65584 65288 65504 65584 65504 65504 65588 65792 65792 65312 65792 65216 65312 65236 65792 65600 65216 
F[11]: 65288 65504 65584 65504 65504 65588 65792 65792 65312 65792 65216 65312 65236 65792 65600 65216 65792 
F[12]: 65504 65584 65504 65504 65588 65792 65792 65312 65792 65216 65312 65236 65792 65600 65216 65792 65312 
F[13]: 65584 65504 65504 65588 65792 65792 65312 65792 65216 65312 65236 65792 65600 65216 65792 65312 65552 
F[14]: 65500 65504 65584 65792 65788 65312 65792 65212 65312 65240 65792 65600 65216 65796 65312 65556 65236 
F[15]: 65710 65390 65506 65342 65458 65362 65586 65386 65286 65710 65506 65458 65586 65290 65506 65582 65506 
F[16]: 65384 65500 65340 65456 65364 65588 65388 65292 65712 65504 65456 65580 65288 65504 65584 65500 65500 
F[17]: 65506 65346 65458 65362 65582 65386 65286 65710 65502 65458 65586 65286 65502 65586 65502 65506 65590
F[1]: 0,287 0,128 0,262 0,067 0,238 0,372 0,269 0,055 0,128 0,067 0,385 0,049 0,079 0,055 0,049 0,073 0,397 
F[2]: 0,122 0,262 0,073 0,232 0,378 0,269 0,049 0,122 0,073 0,378 0,049 0,073 0,049 0,049 0,079 0,391 0,391 
F[3]: 0,262 0,073 0,232 0,378 0,269 0,049 0,122 0,073 0,378 0,049 0,073 0,049 0,049 0,079 0,391 0,391 0,342 
F[4]: 0,073 0,232 0,378 0,269 0,049 0,122 0,073 0,378 0,049 0,073 0,049 0,049 0,079 0,391 0,391 0,342 0,391 
F[5]: 0,232 0,378 0,269 0,049 0,122 0,073 0,378 0,049 0,073 0,049 0,049 0,079 0,391 0,391 0,342 0,391 0,488 
F[6]: 0,378 0,269 0,049 0,122 0,073 0,378 0,049 0,073 0,049 0,049 0,079 0,391 0,391 0,342 0,391 0,488 0,342 
F[7]: 0,269 0,049 0,122 0,073 0,378 0,049 0,073 0,049 0,049 0,079 0,391 0,391 0,342 0,391 0,488 0,342 0,458 
F[8]: 0,049 0,122 0,073 0,378 0,049 0,073 0,049 0,049 0,079 0,391 0,391 0,342 0,391 0,488 0,342 0,458 0,391 
F[9]: 0,122 0,073 0,378 0,049 0,073 0,049 0,049 0,079 0,391 0,391 0,342 0,391 0,488 0,342 0,458 0,391 0,098 
F[10]: 0,073 0,378 0,049 0,073 0,049 0,049 0,079 0,391 0,391 0,342 0,391 0,488 0,342 0,458 0,391 0,098 0,488 
F[11]: 0,378 0,049 0,073 0,049 0,049 0,079 0,391 0,391 0,342 0,391 0,488 0,342 0,458 0,391 0,098 0,488 0,391 
F[12]: 0,049 0,073 0,049 0,049 0,079 0,391 0,391 0,342 0,391 0,488 0,342 0,458 0,391 0,098 0,488 0,391 0,342 
F[13]: 0,073 0,049 0,049 0,079 0,391 0,391 0,342 0,391 0,488 0,342 0,458 0,391 0,098 0,488 0,391 0,342 0,024 
F[14]: 0,055 0,049 0,073 0,391 0,385 0,342 0,391 0,494 0,342 0,452 0,391 0,098 0,488 0,397 0,342 0,031 0,458 
F[15]: 0,266 0,223 0,046 0,296 0,119 0,266 0,076 0,229 0,381 0,266 0,046 0,119 0,076 0,375 0,046 0,070 0,046 
F[16]: 0,232 0,055 0,299 0,122 0,262 0,079 0,226 0,372 0,269 0,049 0,122 0,067 0,378 0,049 0,073 0,055 0,055 
F[17]: 0,046 0,290 0,119 0,266 0,070 0,229 0,381 0,266 0,052 0,119 0,076 0,381 0,052 0,076 0,052 0,046 0,082 
